Order	priority	region	ID	population	family	individual	FlowAfterGermFlAG	FlAGVernTimeExcluded	FlAGVernTime14d	FloweringafterbackshiftinLD	Flowering_binominal	duration
1	1	E	Pajares-2+14	Paj	1	2	153	56	70	22	1	84
2	1	E	E3-1-1	E3	1	1	146	49	63	15	1	49
3	1	E	E3-1-2	E3	1	2	151	54	68	20	1	60
4	1	E	E3-11-1	E3	11	1	149	52	66	18	1	58
5	1	E	E3-11-2	E3	11	2	149	52	66	18	1	52
6	1	E	E3-34-1	E3	34	1	149	52	66	18	1	123
7	1	E	E3-34-2	E3	34	2	151	54	68	20	1	67
8	1	E	E3-39-1	E3	39	1	146	49	63	15	1	42
9	1	E	E3-39-2	E3	39	2	149	52	66	18	1	31
10	1	E	E3-4-1	E3	4	1	149	52	66	18	1	46
11	1	E	E3-4-2	E3	4	2	146	49	63	15	1	119
12	1	E	E3-41b-1	E3	41b	1	146	49	63	15	1	82
13	1	E	E3-41b-2	E3	41b	2	153	56	70	22	1	55
14	1	E	E3-42.5-1	E3	42.5	1	149	52	66	18	1	46
15	1	E	E3-42.5-2	E3	42.5	2	151	54	68	20	1	121
16	1	E	E3-42-1	E3	42	1	149	52	66	18	1	39
17	1	E	E3-42-2	E3	42	2	149	52	66	18	1	39
18	1	E	E3-55-1	E3	55	1	149	52	66	18	1	46
19	1	E	E3-55-2	E3	55	2	151	54	68	20	1	77
20	1	E	E3-E3-1-1	E3	1z	1	153	56	70	22	1	39
21	1	E	E3-E3-1-2	E3	1	2	NA	NA	NA	NA	0	NA
22	1	E	E3-E3-11-1	E3	11z	1	149	52	66	18	1	30
23	1	E	E3-E3-11-2	E3	11	2	NA	NA	NA	NA	0	NA
24	1	E	E3-E3-18-1	E3	18z	1	149	52	66	18	1	60
25	1	E	E3-E3-19-1	E3	19z	1	149	52	66	18	1	46
26	1	E	E3-E3-19-2	E3	19z	2	149	52	66	18	1	52
27	1	E	E3-E3-21-1	E3	21z	1	146	49	63	15	1	63
28	1	E	E3-E3-21-2	E3	21z	2	149	52	66	18	1	39
29	1	E	E3-E3-24-1	E3	24z	1	151	54	68	20	1	67
30	1	E	E3-E3-24-2	E3	24z	2	NA	NA	NA	NA	0	NA
31	1	E	E3-E3-4-1	E3	4z	1	149	52	66	18	1	60
32	1	E	E3-E3-4-2	E3	4z	2	NA	NA	NA	NA	0	NA
33	1	E	E3-E3-8-1	E3	8z	1	149	52	66	18	1	60
34	1	E	E3-E3-8-2	E3	8z	2	NA	NA	NA	NA	0	NA
35	1	E	E3-S3-1	E3	S3	1	149	52	66	18	1	46
36	1	E	E3-S3-2	E3	S3	2	151	54	68	20	1	86
37	1	E	E3-S4-1	E3	S4	1	146	49	63	15	1	42
38	1	E	E3-S4-2	E3	S4	1	146	49	63	15	1	63
39	1	E	E4-1-2	E4	1	2	146	49	63	15	1	63
40	1	E	E4-27-1	E4	27	1	146	49	63	15	1	42
41	1	E	E4-27-2	E4	27	2	146	49	63	15	1	49
42	1	E	E4-37-1	E4	37	1	153	56	70	22	1	16
43	1	E	E4-37-2	E4	37	2	153	56	70	22	1	35
44	1	E	E4-41-1	E4	41	1	160	63	77	29	1	20
45	1	E	E4-41-2	E4	41	2	NA	NA	NA	NA	0	NA
46	1	E	E4-42-1	E4	42	1	149	52	66	18	1	39
47	1	E	E4-42-2	E4	42	2	NA	NA	NA	NA	0	NA
48	1	E	E4-45-1	E4	45	1	149	52	66	18	1	49
49	1	E	E4-45-2	E4	45	2	149	52	66	18	1	39
50	1	E	E4-48-1	E4	48	1	149	52	66	18	1	39
51	1	E	E4-52-1	E4	52	1	146	49	63	15	1	42
52	1	E	E4-52-2	E4	52	2	151	54	68	20	1	44
53	1	E	E4-57-1	E4	57	1	146	49	63	15	1	34
54	1	E	E4-57-2	E4	57	2	149	52	66	18	1	31
55	1	E	E4-61-1	E4	61	1	149	52	66	18	1	39
56	1	E	E4-62-1	E4	62	1	149	52	66	18	1	31
57	1	E	E4-64-1	E4	64	1	149	52	66	18	1	68
58	1	E	E4-67-1	E4	67	1	149	52	66	18	1	46
59	1	E	E4-67-2	E4	67	2	149	52	66	18	1	52
60	1	E	E4-72-1	E4	72	1	149	52	66	18	1	39
61	1	E	E4-72-2	E4	72	2	153	56	70	22	1	42
62	1	E	E4-74-1	E4	74	1	NA	NA	NA	NA	0	NA
63	1	E	E4-74-2	E4	74	2	146	49	63	15	1	49
64	1	E	E4-75-1	E4	75	1	146	49	63	15	1	42
65	1	E	E4-76-1	E4	76	1	146	49	63	15	1	34
66	1	E	E4-76-2	E4	76	2	149	52	66	18	1	46
67	1	F	F1-GAL-100b_l-1	F1GAL	100b_l	1	146	49	63	15	1	126
68	1	F	F1-GAL-100b_l-2	F1GAL	100b_l	2	146	49	63	15	1	126
69	1	F	F1-GAL-10-1	F1GAL	10	1	146	49	63	15	1	126
70	1	F	F1-GAL-10-2	F1GAL	10	2	146	49	63	15	1	126
71	1	F	F1-GAL-102.3-1	F1GAL	102.3	1	146	49	63	15	1	126
72	1	F	F1-GAL-102.3-2	F1GAL	102.3	2	144	47	61	13	1	128
73	1	F	F1-GAL-106'-1	F1GAL	106'	1	146	49	63	15	1	126
74	1	F	F1-GAL-106'-2	F1GAL	106'	2	144	47	61	13	1	128
75	1	F	F1-GAL-110-1	F1GAL	110	1	144	47	61	13	1	128
76	1	F	F1-GAL-110-2	F1GAL	110	2	144	47	61	13	1	128
77	1	F	F1-GAL-112-1	F1GAL	112	1	144	47	61	13	1	128
78	1	F	F1-GAL-112-2	F1GAL	112	2	146	49	63	15	1	126
79	1	F	F1-GAL-119-1	F1GAL	119	1	144	47	61	13	1	128
80	1	F	F1-GAL-119-2	F1GAL	119	2	149	52	66	18	1	123
81	1	F	F1-GAL-122-1	F1GAL	122	1	149	52	66	18	1	123
82	1	F	F1-GAL-122-2	F1GAL	122	2	151	54	68	20	1	121
83	1	F	F1-GAL-132-1	F1GAL	132	1	149	52	66	18	1	123
84	1	F	F1-GAL-132-2	F1GAL	132	2	149	52	66	18	1	123
85	1	F	F1-GAL-139-2	F1GAL	139	2	146	49	63	15	1	126
86	1	F	F1-GAL-16b-1	F1GAL	16b	1	149	52	66	18	1	123
87	1	F	F1-GAL-16b-2	F1GAL	16b	2	151	54	68	20	1	121
88	1	F	F1-GAL-20-1	F1GAL	20	1	146	49	63	15	1	126
89	1	F	F1-GAL-20-2	F1GAL	20	2	149	52	66	18	1	123
90	1	F	F1-GAL-33-5_s-1	F1GAL	33-5_s	1	146	49	63	15	1	126
91	1	F	F1-GAL-33-5-s_2	F1GAL	33-5_s	2	149	52	66	18	1	123
92	1	F	F1-GAL-37-1	F1GAL	37	1	149	52	66	18	1	123
93	1	F	F1-GAL-37-2	F1GAL	37	2	149	52	66	18	1	123
94	1	F	F1-GAL-3b-1	F1GAL	3b	1	144	47	61	13	1	128
95	1	F	F1-GAL-3b-2	F1GAL	3b	2	144	47	61	13	1	128
96	1	F	F1-GAL-401-2	F1GAL	401	2	151	54	68	20	1	121
97	1	F	F1-GAL-5-5_s-1	F1GAL	5-5_s	1	144	47	61	13	1	128
98	1	F	F1-GAL-5-5_s-2	F1GAL	5-5_s	2	146	49	63	15	1	126
99	1	F	F1-GAL-78-1	F1GAL	78	1	177	80	94	46	1	95
100	1	F	F1-GAL-78-2	F1GAL	78	2	149	52	66	18	1	123
101	1	F	F1-GAL-79-1	F1GAL	79	1	149	52	66	18	1	123
102	1	F	F1-GAL-79-2	F1GAL	79	2	146	49	63	15	1	126
103	1	F	F1-GAL-97b-1	F1GAL	97b	1	149	52	66	18	1	123
104	1	F	F1-GAL-97b-2	F1GAL	97b	2	144	47	61	13	1	128
105	1	F	F1-GAL-98.1-1	F1GAL	98.1	1	146	49	63	15	1	126
106	1	F	F1-GAL-98.1-2	F1GAL	98.1	2	144	47	61	13	1	128
107	1	F	F1-GAL-S14-1	F1GAL	S14	1	144	47	61	13	1	128
108	1	F	F1-GAL-S14-2	F1GAL	S14	2	144	47	61	13	1	128
109	1	F	F1-GAL-S17-1	F1GAL	S17	1	184	87	101	53	1	88
110	1	F	F1-GAL-S17-2	F1GAL	S17	2	144	47	61	13	1	128
111	1	F	F1-GAL-S20-1_s-1	F1GAL	S20-1_s	1	144	47	61	13	1	128
112	1	F	F1-GAL-S20-1_s-2	F1GAL	S20-1_s	2	144	47	61	13	1	128
113	1	F	F1-GAL-S24-8_s-1	F1GAL	S24-8_s	1	146	49	63	15	1	126
114	1	F	F1-GAL-S24-8_s-2	F1GAL	S24-8_s	2	144	47	61	13	1	128
115	1	F	F1-GAL-S5-1_s-1	F1GAL	S5-1_s	1	144	47	61	13	1	128
116	1	F	F1-GAL-S5-1_s-2	F1GAL	S5-1_s	2	146	49	63	15	1	126
117	1	F	F1-GAL-S6-1	F1GAL	S6	1	149	52	66	18	1	123
118	1	F	F1-PIC-156-1	F1PIC	156	1	149	52	66	18	1	123
119	1	F	F1-PIC-156-2	F1PIC	156	2	149	52	66	18	1	123
120	1	F	F1-PIC-161.2-1	F1PIC	161-2	1	151	54	68	20	1	33
121	1	F	F1-PIC-161.2-2	F1PIC	161-2	2	156	59	73	25	1	61
122	1	F	F1-PIC-162-1	F1PIC	162	1	146	49	63	15	1	126
123	1	F	F1-PIC-166-1	F1PIC	166	1	163	66	80	32	1	25
124	1	F	F1-PIC-166-2	F1PIC	166	2	NA	NA	NA	NA	0	NA
125	1	F	F1-PIC-175-1	F1PIC	175	1	151	54	68	20	1	37
126	1	F	F1-PIC-175-2	F1PIC	175	2	149	52	66	18	1	52
127	1	F	F1-PIC-178-2	F1PIC	178	2	NA	NA	NA	NA	0	NA
128	1	F	F1-PIC-17self-1	F1PIC	17self	1	NA	NA	NA	NA	0	NA
129	1	F	F1-PIC-180.2-1	F1PIC	180.2	1	NA	NA	NA	NA	0	NA
130	1	F	F1-PIC-180.2-2	F1PIC	180.2	2	151	54	68	20	1	37
131	1	F	F1-PIC-181-1	F1PIC	181	1	146	49	63	15	1	42
132	1	F	F1-PIC-181-2	F1PIC	181	2	149	52	66	18	1	60
133	1	F	F1-PIC-182c-1	F1PIC	182c	1	149	52	66	18	1	31
134	1	F	F1-PIC-312-1	F1PIC	312	1	144	47	61	13	1	123
135	1	F	F1-PIC-312-2	F1PIC	312	2	144	47	61	13	1	65
136	1	F	F1-PIC-319-1	F1PIC	319	1	149	52	66	18	1	123
137	1	F	F1-PIC-319-2	F1PIC	319	2	146	49	63	15	1	126
138	1	F	F1-PIC-326-1	F1PIC	326	1	167	70	84	36	1	105
139	1	F	F1-PIC-326-2	F1PIC	326	2	149	52	66	18	1	123
140	1	F	F1-PIC-328-1	F1PIC	328	1	151	54	68	20	1	121
141	1	F	F1-PIC-328-2	F1PIC	328	2	146	49	63	15	1	126
142	1	F	F1-PIC-6self-5-1	F1PIC	6self-5	1	144	47	61	13	1	30
143	1	F	F1-PIC-6self-5-2	F1PIC	6self-5	2	149	52	66	18	1	39
144	1	F	F1-PIC-8self-1	F1PIC	8self	1	144	47	61	13	1	17
145	1	F	F2-101-2	F2GRA	101	2	156	59	73	25	1	32
146	1	F	F2-105-1	F2GRA	105	1	146	49	63	15	1	42
147	1	F	F2-105-2	F2GRA	105	2	146	49	63	15	1	28
148	1	F	F2-108-1	F2GRA	108	1	146	49	63	15	1	23
149	1	F	F2-108-2	F2GRA	108	2	146	49	63	15	1	23
150	1	F	F2-15-1	F2GRA	15	1	149	52	66	18	1	25
151	1	F	F2-15-1	F2GRA	15	2	NA	NA	NA	NA	0	NA
152	1	F	F2-2-2	F2GRA	2	2	146	49	63	15	1	28
153	1	F	F2-28-2	F2GRA	28	2	149	52	66	18	1	43
154	1	F	F2-33-1	F2GRA	33	1	149	52	66	18	1	25
155	1	F	F2-33-2	F2GRA	33	2	146	49	63	15	1	34
156	1	F	F2-33-2_self-2	F2GRA	33-2_self	2	NA	NA	NA	NA	0	NA
157	1	F	F2-39-1_self-1	F2GRA	39-1_self	1	144	47	61	13	1	128
158	1	F	F2-39-1_self-2	F2GRA	39-1_self	2	146	49	63	15	1	126
159	1	F	F2-49-1	F2GRA	49	1	NA	NA	NA	NA	0	NA
160	1	F	F2-49-2	F2GRA	49	2	146	49	63	15	1	23
161	1	F	F2-61-1	F2GRA	61	1	151	54	68	20	1	37
162	1	F	F2-61-2	F2GRA	61	2	149	52	66	18	1	25
163	1	F	F2-71-2	F2GRA	71	2	NA	NA	NA	NA	0	NA
164	1	F	F2-79-1	F2GRA	79	1	149	52	66	18	1	20
165	1	F	F2-79-2	F2GRA	79	2	NA	NA	NA	NA	0	NA
166	1	F	F2-8-1	F2GRA	8	1	149	52	66	18	1	25
167	1	F	F2-8-2	F2GRA	8	2	151	54	68	20	1	37
168	1	F	F2-87-1	F2GRA	87	1	156	59	73	25	1	24
169	1	F	F2-87-2	F2GRA	87	2	146	49	63	15	1	49
170	1	F	F2-99-1	F2GRA	99	1	146	49	63	15	1	42
171	1	F	F2-99-2	F2GRA	99	2	146	49	63	15	1	42
172	1	F	F2-S16-1	F2GRA	S16	1	146	49	63	15	1	19
173	1	F	F2-S6-1	F2GRA	S6	2	NA	NA	NA	NA	0	NA
174	1	S	S1-11-1	S1	11	1	153	56	70	22	1	119
175	1	S	S1-11-2	S1	11	2	163	66	80	32	1	25
176	1	S	S1-12-1	S1	12	1	149	52	66	18	1	31
177	1	S	S1-12-2	S1	12	2	192	95	109	61	1	50
178	1	S	S1-15-2	S1	15	2	151	54	68	20	1	121
179	1	S	S1-16-1	S1	16	1	NA	NA	NA	NA	0	NA
180	1	S	S1-16-2	S1	16	2	151	54	68	20	1	37
181	1	S	S1-20-1	S1	20	1	177	80	94	46	1	24
182	1	S	S1-20-2	S1	20	2	171	74	88	40	1	9
183	1	S	S1-2-1	S1	2	1	160	63	77	29	1	28
184	1	S	S1-2-2	S1	2	2	NA	NA	NA	NA	0	NA
185	1	S	S1-22-1selfed(2009)	S1	22s'	1	153	56	70	22	1	48
186	1	S	S1-22-1self	S1	22s''	1	149	52	66	18	1	39
187	1	S	S1-22-1selfed	S1	22s'''	1	144	47	61	13	1	123
188	1	S	S1-22-2selfed2009	S1	22s'	2	149	52	66	18	1	128
189	1	S	S1-30-1	S1	30	1	156	59	73	25	1	24
190	1	S	S1-30-2	S1	30	2	177	80	94	46	1	38
191	1	S	S1-3-1	S1	3	1	146	49	63	15	1	126
192	1	S	S1-31-1	S1	31	1	153	56	70	22	1	121
193	1	S	S1-31-2	S1	31	2	160	63	77	29	1	119
194	1	S	S1-3-2	S1	3	2	151	54	68	20	1	112
195	1	S	S1-32-1	S1	32	1	146	49	63	15	1	126
196	1	S	S1-32-2	S1	32	2	149	52	66	18	1	108
197	1	S	S1-33-1	S1	33	1	156	59	73	25	1	39
198	1	S	S1-33-2	S1	33	2	153	56	70	22	1	48
199	1	S	S1-34-1	S1	34	1	156	59	73	25	1	53
200	1	S	S1-34-2	S1	34	2	153	56	70	22	1	42
201	1	S	S1-35-1	S1	35	1	146	49	63	15	1	126
202	1	S	S1-35-2	S1	35	2	177	80	94	46	1	38
203	1	S	S1-37-1	S1	37	1	156	59	73	25	1	24
204	1	S	S1-39-1	S1	39	1	153	56	70	22	1	119
205	1	S	S1-39-2	S1	39	2	151	54	68	20	1	121
206	1	S	S1-43-1	S1	43	1	NA	NA	NA	NA	0	NA
207	1	S	S1-43-2	S1	43	2	149	52	66	18	1	123
208	1	S	S1-44-1	S1	44	1	146	49	63	15	1	34
209	1	S	S1-44-2	S1	44	2	184	87	101	53	1	88
210	1	S	S1-6-1	S1	6	1	146	49	63	15	1	126
211	1	S	S1-7-1	S1	7	1	149	52	66	18	1	123
212	1	S	S1-7-2	S1	7	2	149	52	66	18	1	123
213	1	S	S1-8-1	S1	8	1	149	52	66	18	1	123
214	1	S	S1-8-2	S1	8	2	144	47	61	13	1	128
215	1	S	S2-11-1	S2	11	1	151	54	68	20	1	121
216	1	S	S2-11-2	S2	11	2	NA	NA	NA	NA	0	NA
217	1	S	S2-1-2	S2	1	2	167	70	84	36	1	90
218	1	S	S2-12-1	S2	12	1	151	54	68	20	1	29
219	1	S	S2-12-2	S2	12	2	NA	NA	NA	NA	0	NA
220	1	S	S2-13-1	S2	13	1	163	66	80	32	1	74
221	1	S	S2-13-2	S2	13	2	184	87	101	53	1	62
222	1	S	S2-14-1	S2	14	1	184	87	101	53	1	53
223	1	S	S2-14-2	S2	14	2	153	56	70	22	1	48
224	1	S	S2-15-1	S2	15	1	156	59	73	25	1	111
225	1	S	S2-15-2	S2	15	2	156	59	73	25	1	116
226	1	S	S2-16-1	S2	16	1	149	52	66	18	1	25
227	1	S	S2-16-2	S2	16	2	151	54	68	20	1	106
228	1	S	S2-19-1	S2	16	1	156	59	73	25	1	NA
229	1	S	S2-19-2	S2	16	2	NA	NA	NA	NA	0	NA
230	1	S	S2-22-1	S2	22	1	NA	NA	NA	NA	0	NA
231	1	S	S2-22-2	S2	22	2	151	54	68	20	1	37
232	1	S	S2-29-1	S2	29	1	149	52	66	18	1	123
233	1	S	S2-29-2	S2	29	2	NA	NA	NA	NA	0	NA
234	1	S	S2-3-1	S2	3	1	149	52	66	18	1	31
235	1	S	S2-3-2	S2	3	2	153	56	70	22	1	119
236	1	S	S2-4-1	S2	4	1	NA	NA	NA	NA	0	NA
237	1	S	S2-45-1	S2	45	1	153	56	70	22	1	56
238	1	S	S2-5-1	S2	5	1	167	70	84	36	1	61
239	1	S	S2-5-2	S2	5	2	151	54	68	20	1	37
240	1	S	S2-6-1	S2	6	1	NA	NA	NA	NA	0	NA
241	1	S	S2-6-2	S2	6	2	153	56	70	22	1	35
242	1	S	S2-7-1	S2	7	1	NA	NA	NA	NA	0	NA
243	1	S	S2-7-2	S2	7	2	192	95	109	61	1	75
244	1	S	S2-8-1	S2	8	1	153	56	70	22	1	119
245	1	S	S2-8-2	S2	8	2	151	54	68	20	1	29
246	1	S	S2-9-1	S2	9	1	163	66	80	32	1	109
247	1	S	S2-9-2	S2	9	2	NA	NA	NA	NA	NA	NA
248	1	S	S3-10-1	S3	10	1	153	56	70	22	1	35
249	1	S	S3-1-1	S3	1	1	167	70	84	36	1	34
250	1	S	S3-12-1	S3	12	1	177	80	94	46	1	51
251	1	S	S3-15-1	S3	15	1	NA	NA	NA	NA	0	NA
252	1	S	S3-19-1	S3	19	1	184	87	101	53	1	18
253	1	S	S3-21-1	S3	21	1	NA	NA	NA	NA	0	NA
254	1	S	S3-24-1	S3	24	1	171	74	88	40	1	66
255	1	S	S3-28-1	S3	28	1	153	56	70	22	1	119
256	1	S	S3-4-1	S3	4	1	167	70	84	36	1	105
257	1	S	S3-8-1	S3	8	1	NA	NA	NA	NA	0	NA
258	1	S	S4-10-1	S4	10	1	167	70	84	36	1	51
259	1	S	S4-10-2	S4	10	2	153	56	70	22	1	119
260	1	S	S4-14-1	S4	14	1	163	66	80	32	1	109
261	1	S	S4-14-2	S4	14	2	151	54	68	20	1	121
262	1	S	S4-23-1	S4	23	1	153	56	70	22	1	119
263	1	S	S4-23-2	S4	23	2	167	70	84	36	1	101
264	1	S	S4-35-1	S4	35	1	151	54	68	20	1	121
265	1	S	S4-35-2	S4	35	2	146	49	63	15	1	126
266	1	S	S4-3-7-1selfed	S4	3-7s	1	171	74	88	40	1	101
267	1	S	S4-3-7-2selfed2012	S4	3-7s	2	153	56	70	22	1	35
268	1	S	S4-51-1	S4	51	1	163	66	80	32	1	109
269	1	S	S4-51-2	S4	51	2	171	74	88	40	1	101
270	1	S	S4-67-1	S4	67	1	149	52	66	18	1	123
271	1	S	S4-67-2	S4	67	2	146	49	63	15	1	126
272	1	S	S4-71-1	S4	71	1	167	70	84	36	1	79
273	1	S	S4-71-2	S4	71	2	153	56	70	22	1	35
274	1	S	S4-92-1	S4	92	1	156	59	73	25	1	101
275	1	S	S4-92-2	S4	92	2	163	66	80	32	1	74
276	1	S	S4-X1-1	S4	X1	1	153	56	70	22	1	119
277	1	S	S4-X11-1	S4	X11	1	151	54	68	20	1	123
278	1	S	S4-X11-2	S4	X11	2	146	49	63	15	1	121
279	1	S	S4-X1-2	S4	X1	2	149	52	66	18	1	126
280	1	S	S4-X12-1	S4	X12	1	149	52	66	18	1	123
281	1	S	S4-X12-1-1selfed	S4	X12-1s	1	151	54	68	20	1	119
282	1	S	S4-X12-1-1selfed	S4	X12-1s	2	149	52	66	18	1	121
283	1	S	S4-X12-2	S4	X12	2	153	56	70	22	1	123
284	1	S	S4-X2-1	S4	X2	1	156	59	73	25	1	116
285	1	S	S4-X2-2	S4	X2	2	151	54	68	20	1	121
286	1	S	S4-X3-1	S4	X3	1	158	61	75	27	1	114
287	1	S	S4-X3-2	S4	X3	2	149	52	66	18	1	123
288	1	S	S4-X4-1	S4	X4	1	163	66	80	32	1	109
289	1	S	S4-X4-2	S4	X4	2	156	59	73	25	1	116
290	1	S	S4-X5-1	S4	X5	1	156	59	73	25	1	116
291	1	S	S4-X5-2	S4	X5	2	151	54	68	20	1	121
292	1	S	S4-X6-1	S4	X6	1	153	56	70	22	1	119
293	1	S	S4-X6-2	S4	X6	2	156	59	73	25	1	116
294	1	S	S4-X7-1	S4	X7	1	171	74	88	40	1	30
295	1	S	S4-X7-2	S4	X7	2	153	56	70	22	1	27
296	1	S	S4-X8-1	S4	X8	1	151	54	68	20	1	121
297	1	S	S4-X8-2	S4	X8	2	146	49	63	15	1	126
298	1	S	S4-X9-1	S4	X9	1	156	59	73	25	1	116
299	1	S	S4-X9-2	S4	X9	2	149	52	66	18	1	123
300	1	S	S5-13-1	S5	13	1	184	87	101	53	1	88
301	1	S	S5-13-2	S5	13	2	149	52	66	18	1	123
302	1	S	S5-18-1	S5	18	1	151	54	68	20	1	121
303	1	S	S5-18-2	S5	18	2	156	59	73	25	1	116
304	1	S	S5-33-2	S5	33	2	158	61	75	27	1	37
305	1	S	S5-39-1	S5	39	1	177	80	94	46	1	95
306	1	S	S5-39-2	S5	39	2	167	70	84	36	1	100
307	1	S	S5-40-1	S5	40	1	167	70	84	36	1	105
308	1	S	S5-40-2	S5	40	2	156	59	73	25	1	111
309	1	S	S5-42-1	S5	42	1	171	74	88	40	1	101
310	1	S	S5-42-2	S5	42	2	163	66	80	32	1	109
311	1	S	S5-53-1	S5	53	1	167	70	84	36	1	105
312	1	S	S5-53-2	S5	53	2	156	59	73	25	1	116
313	1	S	S5-54-1	S5	54	1	156	59	73	25	1	116
314	1	S	S5-54-2	S5	54	2	184	87	101	53	1	88
315	1	S	S5-55-1	S5	55	1	167	70	84	36	1	105
316	1	S	S5-55-2	S5	55	2	153	56	70	22	1	119
317	1	S	S5-78-1	S5	78	1	NA	NA	NA	NA	0	NA
318	1	S	S5-78-2	S5	78	2	NA	NA	NA	NA	0	NA
319	1	S	S5-9-1	S5	9	1	NA	NA	NA	NA	0	NA
320	1	S	S5-9-2	S5	9	2	NA	NA	NA	NA	0	NA
321	1	S	S5-X1-1	S5	X1	1	167	70	84	36	1	105
322	1	S	S5-X11-1	S5	X11	1	160	63	77	29	1	88
323	1	S	S5-X1-2	S5	X1	2	192	95	109	61	1	112
324	1	S	S5-X15-2	S5	X15	2	177	80	94	46	1	95
325	1	S	S5-X22-1	S5	X22	1	160	63	77	29	1	112
326	1	S	S5-X22-2	S5	X22	2	149	52	66	18	1	123
327	1	S	S5-X23-1	S5	X23	1	149	52	66	18	1	39
328	1	S	S5-X23-2	S5	X23	2	149	52	66	18	1	25
329	1	S	S5-X25-1	S5	X25	1	151	54	68	20	1	121
330	1	S	S5-X25-2	S5	X25	2	149	52	66	18	1	123
331	1	nix	PEP1-1+14	PEP1	1	1	163	66	80	32	1	123
332	1	nix	PEP1-2+14	PEP1	1	2	144	47	61	13	1	128
333	1	nix	PEP1-3+14	PEP1	1	3	146	49	63	15	1	126