Order	priority	region	ID	population	family	individual	FlowAfterGermFlAG	FlAGVernTimeExcluded	FlAGVernTime14d	FloweringafterbackshiftinLD	Flowering_binominal	duration	still_flowering_at_end	use_for_duration
1	1	E	Pajares-2+14	Paj	1	2	153	56	70	22	1	84	237	1
2	1	E	E3-1-1	E3	1	1	146	49	63	15	1	49	195	1
3	1	E	E3-1-2	E3	1	2	151	54	68	20	1	60	211	1
4	1	E	E3-11-1	E3	11	1	149	52	66	18	1	58	207	1
5	1	E	E3-11-2	E3	11	2	149	52	66	18	1	52	201	1
6	1	E	E3-34-1	E3	34	1	149	52	66	18	1	123	272	0
7	1	E	E3-34-2	E3	34	2	151	54	68	20	1	67	218	1
8	1	E	E3-39-1	E3	39	1	146	49	63	15	1	42	188	1
9	1	E	E3-39-2	E3	39	2	149	52	66	18	1	31	180	1
10	1	E	E3-4-1	E3	4	1	149	52	66	18	1	46	195	1
11	1	E	E3-4-2	E3	4	2	146	49	63	15	1	119	265	1
12	1	E	E3-41b-1	E3	41b	1	146	49	63	15	1	82	228	1
13	1	E	E3-41b-2	E3	41b	2	153	56	70	22	1	55	208	1
14	1	E	E3-42.5-1	E3	42.5	1	149	52	66	18	1	46	195	1
15	1	E	E3-42.5-2	E3	42.5	2	151	54	68	20	1	121	272	0
16	1	E	E3-42-1	E3	42	1	149	52	66	18	1	39	188	1
17	1	E	E3-42-2	E3	42	2	149	52	66	18	1	39	188	1
18	1	E	E3-55-1	E3	55	1	149	52	66	18	1	46	195	1
19	1	E	E3-55-2	E3	55	2	151	54	68	20	1	77	228	1
20	1	E	E3-E3-1-1	E3	1z	1	153	56	70	22	1	39	192	1
21	1	E	E3-E3-1-2	E3	1	2	NA	NA	NA	NA	0	NA	NA	0
22	1	E	E3-E3-11-1	E3	11z	1	149	52	66	18	1	30	179	1
23	1	E	E3-E3-11-2	E3	11	2	NA	NA	NA	NA	0	NA	NA	0
24	1	E	E3-E3-18-1	E3	18z	1	149	52	66	18	1	60	209	1
25	1	E	E3-E3-19-1	E3	19z	1	149	52	66	18	1	46	195	1
26	1	E	E3-E3-19-2	E3	19z	2	149	52	66	18	1	52	201	1
27	1	E	E3-E3-21-1	E3	21z	1	146	49	63	15	1	63	209	1
28	1	E	E3-E3-21-2	E3	21z	2	149	52	66	18	1	39	188	1
29	1	E	E3-E3-24-1	E3	24z	1	151	54	68	20	1	67	218	1
30	1	E	E3-E3-24-2	E3	24z	2	NA	NA	NA	NA	0	NA	NA	0
31	1	E	E3-E3-4-1	E3	4z	1	149	52	66	18	1	60	209	1
32	1	E	E3-E3-4-2	E3	4z	2	NA	NA	NA	NA	0	NA	NA	0
33	1	E	E3-E3-8-1	E3	8z	1	149	52	66	18	1	60	209	1
34	1	E	E3-E3-8-2	E3	8z	2	NA	NA	NA	NA	0	NA	NA	0
35	1	E	E3-S3-1	E3	S3	1	149	52	66	18	1	46	195	1
36	1	E	E3-S3-2	E3	S3	2	151	54	68	20	1	86	237	1
37	1	E	E3-S4-1	E3	S4	1	146	49	63	15	1	42	188	1
38	1	E	E3-S4-2	E3	S4	1	146	49	63	15	1	63	209	1
39	1	E	E4-1-2	E4	1	2	146	49	63	15	1	63	209	1
40	1	E	E4-27-1	E4	27	1	146	49	63	15	1	42	188	1
41	1	E	E4-27-2	E4	27	2	146	49	63	15	1	49	195	1
42	1	E	E4-37-1	E4	37	1	153	56	70	22	1	16	169	1
43	1	E	E4-37-2	E4	37	2	153	56	70	22	1	35	188	1
44	1	E	E4-41-1	E4	41	1	160	63	77	29	1	20	180	1
45	1	E	E4-41-2	E4	41	2	NA	NA	NA	NA	0	NA	NA	0
46	1	E	E4-42-1	E4	42	1	149	52	66	18	1	39	188	1
47	1	E	E4-42-2	E4	42	2	NA	NA	NA	NA	0	NA	NA	0
48	1	E	E4-45-1	E4	45	1	149	52	66	18	1	49	198	1
49	1	E	E4-45-2	E4	45	2	149	52	66	18	1	39	188	1
50	1	E	E4-48-1	E4	48	1	149	52	66	18	1	39	188	1
51	1	E	E4-52-1	E4	52	1	146	49	63	15	1	42	188	1
52	1	E	E4-52-2	E4	52	2	151	54	68	20	1	44	195	1
53	1	E	E4-57-1	E4	57	1	146	49	63	15	1	34	180	1
54	1	E	E4-57-2	E4	57	2	149	52	66	18	1	31	180	1
55	1	E	E4-61-1	E4	61	1	149	52	66	18	1	39	188	1
56	1	E	E4-62-1	E4	62	1	149	52	66	18	1	31	180	1
57	1	E	E4-64-1	E4	64	1	149	52	66	18	1	68	217	1
58	1	E	E4-67-1	E4	67	1	149	52	66	18	1	46	195	1
59	1	E	E4-67-2	E4	67	2	149	52	66	18	1	52	201	1
60	1	E	E4-72-1	E4	72	1	149	52	66	18	1	39	188	1
61	1	E	E4-72-2	E4	72	2	153	56	70	22	1	42	195	1
62	1	E	E4-74-1	E4	74	1	NA	NA	NA	NA	0	NA	NA	0
63	1	E	E4-74-2	E4	74	2	146	49	63	15	1	49	195	1
64	1	E	E4-75-1	E4	75	1	146	49	63	15	1	42	188	1
65	1	E	E4-76-1	E4	76	1	146	49	63	15	1	34	180	1
66	1	E	E4-76-2	E4	76	2	149	52	66	18	1	46	195	1
67	1	F	F1-GAL-100b_l-1	F1GAL	100b_l	1	146	49	63	15	1	126	272	0
68	1	F	F1-GAL-100b_l-2	F1GAL	100b_l	2	146	49	63	15	1	126	272	0
69	1	F	F1-GAL-10-1	F1GAL	10	1	146	49	63	15	1	126	272	0
70	1	F	F1-GAL-10-2	F1GAL	10	2	146	49	63	15	1	126	272	0
71	1	F	F1-GAL-102.3-1	F1GAL	102.3	1	146	49	63	15	1	126	272	0
72	1	F	F1-GAL-102.3-2	F1GAL	102.3	2	144	47	61	13	1	128	272	0
73	1	F	F1-GAL-106'-1	F1GAL	106'	1	146	49	63	15	1	126	272	0
74	1	F	F1-GAL-106'-2	F1GAL	106'	2	144	47	61	13	1	128	272	0
75	1	F	F1-GAL-110-1	F1GAL	110	1	144	47	61	13	1	128	272	0
76	1	F	F1-GAL-110-2	F1GAL	110	2	144	47	61	13	1	128	272	0
77	1	F	F1-GAL-112-1	F1GAL	112	1	144	47	61	13	1	128	272	0
78	1	F	F1-GAL-112-2	F1GAL	112	2	146	49	63	15	1	126	272	0
79	1	F	F1-GAL-119-1	F1GAL	119	1	144	47	61	13	1	128	272	0
80	1	F	F1-GAL-119-2	F1GAL	119	2	149	52	66	18	1	123	272	0
81	1	F	F1-GAL-122-1	F1GAL	122	1	149	52	66	18	1	123	272	0
82	1	F	F1-GAL-122-2	F1GAL	122	2	151	54	68	20	1	121	272	0
83	1	F	F1-GAL-132-1	F1GAL	132	1	149	52	66	18	1	123	272	0
84	1	F	F1-GAL-132-2	F1GAL	132	2	149	52	66	18	1	123	272	0
85	1	F	F1-GAL-139-2	F1GAL	139	2	146	49	63	15	1	126	272	0
86	1	F	F1-GAL-16b-1	F1GAL	16b	1	149	52	66	18	1	123	272	0
87	1	F	F1-GAL-16b-2	F1GAL	16b	2	151	54	68	20	1	121	272	0
88	1	F	F1-GAL-20-1	F1GAL	20	1	146	49	63	15	1	126	272	0
89	1	F	F1-GAL-20-2	F1GAL	20	2	149	52	66	18	1	123	272	0
90	1	F	F1-GAL-33-5_s-1	F1GAL	33-5_s	1	146	49	63	15	1	126	272	0
91	1	F	F1-GAL-33-5-s_2	F1GAL	33-5_s	2	149	52	66	18	1	123	272	0
92	1	F	F1-GAL-37-1	F1GAL	37	1	149	52	66	18	1	123	272	0
93	1	F	F1-GAL-37-2	F1GAL	37	2	149	52	66	18	1	123	272	0
94	1	F	F1-GAL-3b-1	F1GAL	3b	1	144	47	61	13	1	128	272	0
95	1	F	F1-GAL-3b-2	F1GAL	3b	2	144	47	61	13	1	128	272	0
96	1	F	F1-GAL-401-2	F1GAL	401	2	151	54	68	20	1	121	272	0
97	1	F	F1-GAL-5-5_s-1	F1GAL	5-5_s	1	144	47	61	13	1	128	272	0
98	1	F	F1-GAL-5-5_s-2	F1GAL	5-5_s	2	146	49	63	15	1	126	272	0
99	1	F	F1-GAL-78-1	F1GAL	78	1	177	80	94	46	1	95	272	0
100	1	F	F1-GAL-78-2	F1GAL	78	2	149	52	66	18	1	123	272	0
101	1	F	F1-GAL-79-1	F1GAL	79	1	149	52	66	18	1	123	272	0
102	1	F	F1-GAL-79-2	F1GAL	79	2	146	49	63	15	1	126	272	0
103	1	F	F1-GAL-97b-1	F1GAL	97b	1	149	52	66	18	1	123	272	0
104	1	F	F1-GAL-97b-2	F1GAL	97b	2	144	47	61	13	1	128	272	0
105	1	F	F1-GAL-98.1-1	F1GAL	98.1	1	146	49	63	15	1	126	272	0
106	1	F	F1-GAL-98.1-2	F1GAL	98.1	2	144	47	61	13	1	128	272	0
107	1	F	F1-GAL-S14-1	F1GAL	S14	1	144	47	61	13	1	128	272	0
108	1	F	F1-GAL-S14-2	F1GAL	S14	2	144	47	61	13	1	128	272	0
109	1	F	F1-GAL-S17-1	F1GAL	S17	1	184	87	101	53	1	88	272	0
110	1	F	F1-GAL-S17-2	F1GAL	S17	2	144	47	61	13	1	128	272	0
111	1	F	F1-GAL-S20-1_s-1	F1GAL	S20-1_s	1	144	47	61	13	1	128	272	0
112	1	F	F1-GAL-S20-1_s-2	F1GAL	S20-1_s	2	144	47	61	13	1	128	272	0
113	1	F	F1-GAL-S24-8_s-1	F1GAL	S24-8_s	1	146	49	63	15	1	126	272	0
114	1	F	F1-GAL-S24-8_s-2	F1GAL	S24-8_s	2	144	47	61	13	1	128	272	0
115	1	F	F1-GAL-S5-1_s-1	F1GAL	S5-1_s	1	144	47	61	13	1	128	272	0
116	1	F	F1-GAL-S5-1_s-2	F1GAL	S5-1_s	2	146	49	63	15	1	126	272	0
117	1	F	F1-GAL-S6-1	F1GAL	S6	1	149	52	66	18	1	123	272	0
118	1	F	F1-PIC-156-1	F1PIC	156	1	149	52	66	18	1	123	272	0
119	1	F	F1-PIC-156-2	F1PIC	156	2	149	52	66	18	1	123	272	0
120	1	F	F1-PIC-161.2-1	F1PIC	161-2	1	151	54	68	20	1	33	184	1
121	1	F	F1-PIC-161.2-2	F1PIC	161-2	2	156	59	73	25	1	61	217	1
122	1	F	F1-PIC-162-1	F1PIC	162	1	146	49	63	15	1	126	272	0
123	1	F	F1-PIC-166-1	F1PIC	166	1	163	66	80	32	1	25	188	1
124	1	F	F1-PIC-166-2	F1PIC	166	2	NA	NA	NA	NA	0	NA	NA	0
125	1	F	F1-PIC-175-1	F1PIC	175	1	151	54	68	20	1	37	188	1
126	1	F	F1-PIC-175-2	F1PIC	175	2	149	52	66	18	1	52	201	1
127	1	F	F1-PIC-178-2	F1PIC	178	2	NA	NA	NA	NA	0	NA	NA	0
128	1	F	F1-PIC-17self-1	F1PIC	17self	1	NA	NA	NA	NA	0	NA	NA	0
129	1	F	F1-PIC-180.2-1	F1PIC	180.2	1	NA	NA	NA	NA	0	NA	NA	0
130	1	F	F1-PIC-180.2-2	F1PIC	180.2	2	151	54	68	20	1	37	188	1
131	1	F	F1-PIC-181-1	F1PIC	181	1	146	49	63	15	1	42	188	1
132	1	F	F1-PIC-181-2	F1PIC	181	2	149	52	66	18	1	60	209	1
133	1	F	F1-PIC-182c-1	F1PIC	182c	1	149	52	66	18	1	31	180	1
134	1	F	F1-PIC-312-1	F1PIC	312	1	144	47	61	13	1	123	267	1
135	1	F	F1-PIC-312-2	F1PIC	312	2	144	47	61	13	1	65	209	1
136	1	F	F1-PIC-319-1	F1PIC	319	1	149	52	66	18	1	123	272	0
137	1	F	F1-PIC-319-2	F1PIC	319	2	146	49	63	15	1	126	272	0
138	1	F	F1-PIC-326-1	F1PIC	326	1	167	70	84	36	1	105	272	0
139	1	F	F1-PIC-326-2	F1PIC	326	2	149	52	66	18	1	123	272	0
140	1	F	F1-PIC-328-1	F1PIC	328	1	151	54	68	20	1	121	272	0
141	1	F	F1-PIC-328-2	F1PIC	328	2	146	49	63	15	1	126	272	0
142	1	F	F1-PIC-6self-5-1	F1PIC	6self-5	1	144	47	61	13	1	30	174	1
143	1	F	F1-PIC-6self-5-2	F1PIC	6self-5	2	149	52	66	18	1	39	188	1
144	1	F	F1-PIC-8self-1	F1PIC	8self	1	144	47	61	13	1	17	161	1
145	1	F	F2-101-2	F2GRA	101	2	156	59	73	25	1	32	188	1
146	1	F	F2-105-1	F2GRA	105	1	146	49	63	15	1	42	188	1
147	1	F	F2-105-2	F2GRA	105	2	146	49	63	15	1	28	174	1
148	1	F	F2-108-1	F2GRA	108	1	146	49	63	15	1	23	169	1
149	1	F	F2-108-2	F2GRA	108	2	146	49	63	15	1	23	169	1
150	1	F	F2-15-1	F2GRA	15	1	149	52	66	18	1	25	174	1
151	1	F	F2-15-1	F2GRA	15	2	NA	NA	NA	NA	0	NA	NA	0
152	1	F	F2-2-2	F2GRA	2	2	146	49	63	15	1	28	174	1
153	1	F	F2-28-2	F2GRA	28	2	149	52	66	18	1	43	192	1
154	1	F	F2-33-1	F2GRA	33	1	149	52	66	18	1	25	174	1
155	1	F	F2-33-2	F2GRA	33	2	146	49	63	15	1	34	180	1
156	1	F	F2-33-2_self-2	F2GRA	33-2_self	2	NA	NA	NA	NA	0	NA	NA	1
157	1	F	F2-39-1_self-1	F2GRA	39-1_self	1	144	47	61	13	1	128	272	0
158	1	F	F2-39-1_self-2	F2GRA	39-1_self	2	146	49	63	15	1	126	272	0
159	1	F	F2-49-1	F2GRA	49	1	NA	NA	NA	NA	0	NA	NA	0
160	1	F	F2-49-2	F2GRA	49	2	146	49	63	15	1	23	169	1
161	1	F	F2-61-1	F2GRA	61	1	151	54	68	20	1	37	188	1
162	1	F	F2-61-2	F2GRA	61	2	149	52	66	18	1	25	174	1
163	1	F	F2-71-2	F2GRA	71	2	NA	NA	NA	NA	0	NA	NA	0
164	1	F	F2-79-1	F2GRA	79	1	149	52	66	18	1	20	169	1
165	1	F	F2-79-2	F2GRA	79	2	NA	NA	NA	NA	0	NA	NA	0
166	1	F	F2-8-1	F2GRA	8	1	149	52	66	18	1	25	174	1
167	1	F	F2-8-2	F2GRA	8	2	151	54	68	20	1	37	188	1
168	1	F	F2-87-1	F2GRA	87	1	156	59	73	25	1	24	180	1
169	1	F	F2-87-2	F2GRA	87	2	146	49	63	15	1	49	195	1
170	1	F	F2-99-1	F2GRA	99	1	146	49	63	15	1	42	188	1
171	1	F	F2-99-2	F2GRA	99	2	146	49	63	15	1	42	188	1
172	1	F	F2-S16-1	F2GRA	S16	1	146	49	63	15	1	19	165	1
173	1	F	F2-S6-1	F2GRA	S6	2	NA	NA	NA	NA	0	NA	NA	0
174	1	S	S1-11-1	S1	11	1	153	56	70	22	1	119	272	0
175	1	S	S1-11-2	S1	11	2	163	66	80	32	1	25	188	1
176	1	S	S1-12-1	S1	12	1	149	52	66	18	1	31	180	1
177	1	S	S1-12-2	S1	12	2	192	95	109	61	1	50	242	1
178	1	S	S1-15-2	S1	15	2	151	54	68	20	1	121	272	0
179	1	S	S1-16-1	S1	16	1	NA	NA	NA	NA	0	NA	NA	0
180	1	S	S1-16-2	S1	16	2	151	54	68	20	1	37	188	1
181	1	S	S1-20-1	S1	20	1	177	80	94	46	1	24	201	1
182	1	S	S1-20-2	S1	20	2	171	74	88	40	1	9	180	1
183	1	S	S1-2-1	S1	2	1	160	63	77	29	1	28	188	1
184	1	S	S1-2-2	S1	2	2	NA	NA	NA	NA	0	NA	NA	0
185	1	S	S1-22-1selfed(2009)	S1	22s'	1	153	56	70	22	1	48	201	1
186	1	S	S1-22-1self	S1	22s''	1	149	52	66	18	1	39	188	1
187	1	S	S1-22-1selfed	S1	22s'''	1	144	47	61	13	1	123	267	1
188	1	S	S1-22-2selfed2009	S1	22s'	2	149	52	66	18	1	128	277	1
189	1	S	S1-30-1	S1	30	1	156	59	73	25	1	24	180	1
190	1	S	S1-30-2	S1	30	2	177	80	94	46	1	38	215	1
191	1	S	S1-3-1	S1	3	1	146	49	63	15	1	126	272	0
192	1	S	S1-31-1	S1	31	1	153	56	70	22	1	121	274	1
193	1	S	S1-31-2	S1	31	2	160	63	77	29	1	119	279	1
194	1	S	S1-3-2	S1	3	2	151	54	68	20	1	112	263	1
195	1	S	S1-32-1	S1	32	1	146	49	63	15	1	126	272	0
196	1	S	S1-32-2	S1	32	2	149	52	66	18	1	108	257	1
197	1	S	S1-33-1	S1	33	1	156	59	73	25	1	39	195	1
198	1	S	S1-33-2	S1	33	2	153	56	70	22	1	48	201	1
199	1	S	S1-34-1	S1	34	1	156	59	73	25	1	53	209	1
200	1	S	S1-34-2	S1	34	2	153	56	70	22	1	42	195	1
201	1	S	S1-35-1	S1	35	1	146	49	63	15	1	126	272	0
202	1	S	S1-35-2	S1	35	2	177	80	94	46	1	38	215	1
203	1	S	S1-37-1	S1	37	1	156	59	73	25	1	24	180	1
204	1	S	S1-39-1	S1	39	1	153	56	70	22	1	119	272	0
205	1	S	S1-39-2	S1	39	2	151	54	68	20	1	121	272	0
206	1	S	S1-43-1	S1	43	1	NA	NA	NA	NA	0	NA	NA	0
207	1	S	S1-43-2	S1	43	2	149	52	66	18	1	123	272	0
208	1	S	S1-44-1	S1	44	1	146	49	63	15	1	34	180	1
209	1	S	S1-44-2	S1	44	2	184	87	101	53	1	88	272	0
210	1	S	S1-6-1	S1	6	1	146	49	63	15	1	126	272	0
211	1	S	S1-7-1	S1	7	1	149	52	66	18	1	123	272	0
212	1	S	S1-7-2	S1	7	2	149	52	66	18	1	123	272	0
213	1	S	S1-8-1	S1	8	1	149	52	66	18	1	123	272	0
214	1	S	S1-8-2	S1	8	2	144	47	61	13	1	128	272	0
215	1	S	S2-11-1	S2	11	1	151	54	68	20	1	121	272	0
216	1	S	S2-11-2	S2	11	2	NA	NA	NA	NA	0	NA	NA	0
217	1	S	S2-1-2	S2	1	2	167	70	84	36	1	90	257	1
218	1	S	S2-12-1	S2	12	1	151	54	68	20	1	29	180	1
219	1	S	S2-12-2	S2	12	2	NA	NA	NA	NA	0	NA	NA	0
220	1	S	S2-13-1	S2	13	1	163	66	80	32	1	74	237	1
221	1	S	S2-13-2	S2	13	2	184	87	101	53	1	62	246	1
222	1	S	S2-14-1	S2	14	1	184	87	101	53	1	53	237	1
223	1	S	S2-14-2	S2	14	2	153	56	70	22	1	48	201	1
224	1	S	S2-15-1	S2	15	1	156	59	73	25	1	111	267	1
225	1	S	S2-15-2	S2	15	2	156	59	73	25	1	116	272	0
226	1	S	S2-16-1	S2	16	1	149	52	66	18	1	25	174	1
227	1	S	S2-16-2	S2	16	2	151	54	68	20	1	106	257	1
228	1	S	S2-19-1	S2	16	1	156	59	73	25	1	NA	NA	0
229	1	S	S2-19-2	S2	16	2	NA	NA	NA	NA	0	NA	NA	0
230	1	S	S2-22-1	S2	22	1	NA	NA	NA	NA	0	NA	NA	0
231	1	S	S2-22-2	S2	22	2	151	54	68	20	1	37	188	1
232	1	S	S2-29-1	S2	29	1	149	52	66	18	1	123	272	0
233	1	S	S2-29-2	S2	29	2	NA	NA	NA	NA	0	NA	NA	0
234	1	S	S2-3-1	S2	3	1	149	52	66	18	1	31	180	1
235	1	S	S2-3-2	S2	3	2	153	56	70	22	1	119	272	0
236	1	S	S2-4-1	S2	4	1	NA	NA	NA	NA	0	NA	NA	0
237	1	S	S2-45-1	S2	45	1	153	56	70	22	1	56	209	1
238	1	S	S2-5-1	S2	5	1	167	70	84	36	1	61	228	1
239	1	S	S2-5-2	S2	5	2	151	54	68	20	1	37	188	1
240	1	S	S2-6-1	S2	6	1	NA	NA	NA	NA	0	NA	NA	0
241	1	S	S2-6-2	S2	6	2	153	56	70	22	1	35	188	1
242	1	S	S2-7-1	S2	7	1	NA	NA	NA	NA	0	NA	NA	0
243	1	S	S2-7-2	S2	7	2	192	95	109	61	1	75	267	1
244	1	S	S2-8-1	S2	8	1	153	56	70	22	1	119	272	0
245	1	S	S2-8-2	S2	8	2	151	54	68	20	1	29	180	1
246	1	S	S2-9-1	S2	9	1	163	66	80	32	1	109	272	0
247	1	S	S2-9-2	S2	9	2	NA	NA	NA	NA	NA	NA	NA	0
248	1	S	S3-10-1	S3	10	1	153	56	70	22	1	35	188	1
249	1	S	S3-1-1	S3	1	1	167	70	84	36	1	34	201	1
250	1	S	S3-12-1	S3	12	1	177	80	94	46	1	51	228	1
251	1	S	S3-15-1	S3	15	1	NA	NA	NA	NA	0	NA	NA	0
252	1	S	S3-19-1	S3	19	1	184	87	101	53	1	18	202	1
253	1	S	S3-21-1	S3	21	1	NA	NA	NA	NA	0	NA	NA	0
254	1	S	S3-24-1	S3	24	1	171	74	88	40	1	66	237	1
255	1	S	S3-28-1	S3	28	1	153	56	70	22	1	119	272	0
256	1	S	S3-4-1	S3	4	1	167	70	84	36	1	105	272	0
257	1	S	S3-8-1	S3	8	1	NA	NA	NA	NA	0	NA	NA	0
258	1	S	S4-10-1	S4	10	1	167	70	84	36	1	51	218	1
259	1	S	S4-10-2	S4	10	2	153	56	70	22	1	119	272	0
260	1	S	S4-14-1	S4	14	1	163	66	80	32	1	109	272	0
261	1	S	S4-14-2	S4	14	2	151	54	68	20	1	121	272	0
262	1	S	S4-23-1	S4	23	1	153	56	70	22	1	119	272	0
263	1	S	S4-23-2	S4	23	2	167	70	84	36	1	101	268	1
264	1	S	S4-35-1	S4	35	1	151	54	68	20	1	121	272	0
265	1	S	S4-35-2	S4	35	2	146	49	63	15	1	126	272	0
266	1	S	S4-3-7-1selfed	S4	3-7s	1	171	74	88	40	1	101	272	0
267	1	S	S4-3-7-2selfed2012	S4	3-7s	2	153	56	70	22	1	35	188	1
268	1	S	S4-51-1	S4	51	1	163	66	80	32	1	109	272	0
269	1	S	S4-51-2	S4	51	2	171	74	88	40	1	101	272	0
270	1	S	S4-67-1	S4	67	1	149	52	66	18	1	123	272	0
271	1	S	S4-67-2	S4	67	2	146	49	63	15	1	126	272	0
272	1	S	S4-71-1	S4	71	1	167	70	84	36	1	79	246	1
273	1	S	S4-71-2	S4	71	2	153	56	70	22	1	35	188	1
274	1	S	S4-92-1	S4	92	1	156	59	73	25	1	101	257	1
275	1	S	S4-92-2	S4	92	2	163	66	80	32	1	74	237	1
276	1	S	S4-X1-1	S4	X1	1	153	56	70	22	1	119	272	0
277	1	S	S4-X11-1	S4	X11	1	151	54	68	20	1	123	274	1
278	1	S	S4-X11-2	S4	X11	2	146	49	63	15	1	121	267	1
279	1	S	S4-X1-2	S4	X1	2	149	52	66	18	1	126	275	1
280	1	S	S4-X12-1	S4	X12	1	149	52	66	18	1	123	272	0
281	1	S	S4-X12-1-1selfed	S4	X12-1s	1	151	54	68	20	1	119	270	1
282	1	S	S4-X12-1-1selfed	S4	X12-1s	2	149	52	66	18	1	121	270	1
283	1	S	S4-X12-2	S4	X12	2	153	56	70	22	1	123	276	1
284	1	S	S4-X2-1	S4	X2	1	156	59	73	25	1	116	272	0
285	1	S	S4-X2-2	S4	X2	2	151	54	68	20	1	121	272	0
286	1	S	S4-X3-1	S4	X3	1	158	61	75	27	1	114	272	0
287	1	S	S4-X3-2	S4	X3	2	149	52	66	18	1	123	272	0
288	1	S	S4-X4-1	S4	X4	1	163	66	80	32	1	109	272	0
289	1	S	S4-X4-2	S4	X4	2	156	59	73	25	1	116	272	0
290	1	S	S4-X5-1	S4	X5	1	156	59	73	25	1	116	272	0
291	1	S	S4-X5-2	S4	X5	2	151	54	68	20	1	121	272	0
292	1	S	S4-X6-1	S4	X6	1	153	56	70	22	1	119	272	0
293	1	S	S4-X6-2	S4	X6	2	156	59	73	25	1	116	272	0
294	1	S	S4-X7-1	S4	X7	1	171	74	88	40	1	30	201	1
295	1	S	S4-X7-2	S4	X7	2	153	56	70	22	1	27	180	1
296	1	S	S4-X8-1	S4	X8	1	151	54	68	20	1	121	272	0
297	1	S	S4-X8-2	S4	X8	2	146	49	63	15	1	126	272	0
298	1	S	S4-X9-1	S4	X9	1	156	59	73	25	1	116	272	0
299	1	S	S4-X9-2	S4	X9	2	149	52	66	18	1	123	272	0
300	1	S	S5-13-1	S5	13	1	184	87	101	53	1	88	272	0
301	1	S	S5-13-2	S5	13	2	149	52	66	18	1	123	272	0
302	1	S	S5-18-1	S5	18	1	151	54	68	20	1	121	272	0
303	1	S	S5-18-2	S5	18	2	156	59	73	25	1	116	272	0
304	1	S	S5-33-2	S5	33	2	158	61	75	27	1	37	195	1
305	1	S	S5-39-1	S5	39	1	177	80	94	46	1	95	272	0
306	1	S	S5-39-2	S5	39	2	167	70	84	36	1	100	267	1
307	1	S	S5-40-1	S5	40	1	167	70	84	36	1	105	272	0
308	1	S	S5-40-2	S5	40	2	156	59	73	25	1	111	267	1
309	1	S	S5-42-1	S5	42	1	171	74	88	40	1	101	272	0
310	1	S	S5-42-2	S5	42	2	163	66	80	32	1	109	272	0
311	1	S	S5-53-1	S5	53	1	167	70	84	36	1	105	272	0
312	1	S	S5-53-2	S5	53	2	156	59	73	25	1	116	272	0
313	1	S	S5-54-1	S5	54	1	156	59	73	25	1	116	272	0
314	1	S	S5-54-2	S5	54	2	184	87	101	53	1	88	272	0
315	1	S	S5-55-1	S5	55	1	167	70	84	36	1	105	272	0
316	1	S	S5-55-2	S5	55	2	153	56	70	22	1	119	272	0
317	1	S	S5-78-1	S5	78	1	NA	NA	NA	NA	0	NA	NA	0
318	1	S	S5-78-2	S5	78	2	NA	NA	NA	NA	0	NA	NA	0
319	1	S	S5-9-1	S5	9	1	NA	NA	NA	NA	0	NA	NA	0
320	1	S	S5-9-2	S5	9	2	NA	NA	NA	NA	0	NA	NA	0
321	1	S	S5-X1-1	S5	X1	1	167	70	84	36	1	105	272	0
322	1	S	S5-X11-1	S5	X11	1	160	63	77	29	1	88	248	1
323	1	S	S5-X1-2	S5	X1	2	192	95	109	61	1	112	304	1
324	1	S	S5-X15-2	S5	X15	2	177	80	94	46	1	95	272	0
325	1	S	S5-X22-1	S5	X22	1	160	63	77	29	1	112	272	0
326	1	S	S5-X22-2	S5	X22	2	149	52	66	18	1	123	272	0
327	1	S	S5-X23-1	S5	X23	1	149	52	66	18	1	39	188	1
328	1	S	S5-X23-2	S5	X23	2	149	52	66	18	1	25	174	1
329	1	S	S5-X25-1	S5	X25	1	151	54	68	20	1	121	272	0
330	1	S	S5-X25-2	S5	X25	2	149	52	66	18	1	123	272	0
331	1	nix	PEP1-1+14	PEP1	1	1	163	66	80	32	1	123	286	1
332	1	nix	PEP1-2+14	PEP1	1	2	144	47	61	13	1	128	272	0
333	1	nix	PEP1-3+14	PEP1	1	3	146	49	63	15	1	126	272	0
